                         Feature  Selection Mean  Holdout Mean  Selection Std  Holdout Std       PSI
     market_xlk_beta_to_spy_126d        1.010534      1.327434       0.115655     0.161034 10.778887
     market_eem_beta_to_spy_126d        1.367512      0.811134       0.322971     0.172398  8.037737
     market_efa_beta_to_spy_126d        1.088537      0.792199       0.167309     0.100451  8.025075
     market_xlb_beta_to_spy_126d        1.163301      0.907248       0.126803     0.131597  6.765391
     market_xlf_beta_to_spy_126d        1.303864      0.936335       0.266558     0.176254  6.307643
       market_yield_curve_10y_2y        1.508764      0.238667       0.822916     0.625348  5.850110
     market_lqd_beta_to_spy_126d       -0.020366      0.155350       0.092139     0.103457  5.484289
     market_xli_beta_to_spy_126d        1.067296      0.919417       0.106406     0.099099  5.471783
              market_xlk_rv_126d        0.179530      0.255733       0.088206     0.092026  5.277535
     market_xly_downside_rv_126d        0.112716      0.146391       0.063608     0.061931  5.066619
          market_shy_return_252d        0.019460      0.018674       0.022362     0.031293  4.547052
     market_dia_beta_to_spy_126d        0.899889      0.837177       0.041703     0.107118  4.524961
     market_xlv_beta_to_spy_126d        0.802549      0.608645       0.165508     0.136701  4.439355
     market_ief_beta_to_spy_126d       -0.168271     -0.003540       0.085940     0.112380  4.383166
     market_shy_beta_to_spy_126d       -0.023237      0.001613       0.021850     0.025579  4.240541
     market_xlk_downside_rv_126d        0.109200      0.155436       0.053494     0.063734  4.148884
     market_tlt_beta_to_spy_126d       -0.368748     -0.019669       0.200557     0.242938  4.146143
market_fed_funds_rate_change_21d       -0.024160      0.023867       0.176490     0.280527  4.145020
     market_eem_downside_rv_126d        0.163154      0.124198       0.094708     0.060070  4.057203
              market_xly_rv_126d        0.186394      0.236243       0.101993     0.085504  4.043110
              market_iwm_rv_126d        0.219654      0.246924       0.106949     0.084626  4.022181
       market_treasury_10y_yield        2.912626      3.004133       1.012830     1.407974  3.547271
     market_xle_beta_to_spy_126d        1.170695      0.816898       0.159442     0.370110  3.361076
              market_lqd_rv_126d        0.066787      0.091224       0.047966     0.045819  3.261620
               market_xlk_rv_63d        0.175907      0.249196       0.094536     0.111928  3.160712
               market_xly_rv_63d        0.181890      0.230860       0.108695     0.101873  3.122380
     market_xly_beta_to_spy_126d        1.022538      1.169167       0.074298     0.135360  3.043080
      market_xly_downside_rv_63d        0.107927      0.140727       0.067622     0.070848  3.035900
          market_shy_return_126d        0.010106      0.009279       0.013229     0.017772  2.975362
        market_treasury_2y_yield        1.403861      2.765467       1.488461     1.837242  2.932821