                         Feature  Selection Mean  Holdout Mean  Selection Std  Holdout Std      PSI
     market_efa_beta_to_spy_126d        1.088707      0.810569       0.161879     0.120565 8.630338
     market_eem_beta_to_spy_126d        1.367747      0.844229       0.315264     0.210561 7.544385
       market_yield_curve_10y_2y        1.501875      0.238667       0.827730     0.625597 5.881999
     market_xlf_beta_to_spy_126d        1.299255      0.955481       0.258346     0.186152 4.930584
market_fed_funds_rate_change_21d       -0.023611      0.023867       0.176554     0.280643 4.149999
     market_ief_beta_to_spy_126d       -0.168743     -0.014753       0.083655     0.117208 3.933750
     market_eem_downside_rv_126d        0.161531      0.125046       0.091733     0.058278 3.786627
     market_tlt_beta_to_spy_126d       -0.368209     -0.041812       0.194720     0.250476 3.556335
       market_treasury_10y_yield        2.920764      3.004133       1.018218     1.408542 3.522641
           market_fed_funds_rate        1.158819      2.798800       1.822555     2.180222 2.925965
     market_qqq_beta_to_spy_126d        1.065918      1.210923       0.130744     0.121034 2.923360
              market_iwm_rv_126d        0.217346      0.243045       0.103710     0.083338 2.897845
        market_treasury_2y_yield        1.418889      2.765467       1.502432     1.837981 2.888414
              market_eem_rv_126d        0.268056      0.204341       0.154380     0.073392 2.757631
      market_xle_downside_rv_63d        0.149566      0.178822       0.090920     0.114054 2.630303
     market_xle_beta_to_spy_126d        1.173393      0.841466       0.154537     0.370926 2.508729
               market_xle_rv_63d        0.248625      0.294696       0.139177     0.158215 1.903441
          market_tlt_return_252d        0.074591     -0.015780       0.106807     0.147415 1.882710
               market_iwm_rv_63d        0.212855      0.237655       0.111685     0.098561 1.848745
               market_eem_rv_63d        0.261568      0.199588       0.165378     0.085712 1.807729
     market_spy_downside_rv_126d        0.100374      0.111342       0.059866     0.060506 1.703006
      market_eem_downside_rv_63d        0.156053      0.120512       0.095134     0.064454 1.695131
              market_qqq_rv_126d        0.184555      0.228070       0.080765     0.082181 1.693068
      market_efa_downside_rv_63d        0.121650      0.105139       0.072949     0.060953 1.641636
     market_iwm_downside_rv_126d        0.131277      0.146555       0.065270     0.066169 1.564031
     market_qqq_downside_rv_126d        0.112098      0.139972       0.049702     0.057115 1.558548
               market_iwm_rv_21d        0.206826      0.233199       0.118142     0.113566 1.547045
     market_gld_downside_rv_126d        0.112454      0.100706       0.038718     0.029859 1.541350
              market_xlf_rv_126d        0.253268      0.217719       0.198003     0.109580 1.539220
          market_xlf_return_252d        0.065552      0.146822       0.248450     0.225047 1.532027