                         Feature  Selection Mean  Holdout Mean  Selection Std  Holdout Std      PSI
     market_eem_beta_to_spy_126d        1.361179      0.850337       0.305281     0.216296 7.372158
       market_yield_curve_10y_2y        1.519805      0.238667       0.815669     0.625643 5.933036
market_fed_funds_rate_change_21d       -0.025051      0.023867       0.176450     0.280664 4.143179
     market_ief_beta_to_spy_126d       -0.170427     -0.017009       0.081984     0.118221 3.950915
     market_tlt_beta_to_spy_126d       -0.371088     -0.045984       0.191745     0.251729 3.777640
       market_treasury_10y_yield        2.899172      3.004134       1.004051     1.408645 3.610842
              market_iwm_rv_126d        0.217295      0.242301       0.103667     0.083096 2.950140
           market_fed_funds_rate        1.112482      2.798800       1.781631     2.180378 2.941619
        market_treasury_2y_yield        1.379368      2.765467       1.465784     1.838117 2.939286
     market_qqq_beta_to_spy_126d        1.063556      1.208932       0.127357     0.121608 2.904474
     market_eem_downside_rv_126d        0.161262      0.125138       0.091717     0.057925 2.746080
              market_eem_rv_126d        0.267593      0.204534       0.154339     0.072960 2.711833
     market_vnq_downside_rv_126d        0.148620      0.133246       0.120159     0.079157 2.526927
     market_vnq_beta_to_spy_126d        1.014748      0.813539       0.382200     0.230540 2.518996
               market_iwm_rv_63d        0.212817      0.236916       0.111599     0.098181 1.831639
          market_tlt_return_252d        0.074679     -0.014703       0.106750     0.146830 1.785472
              market_qqq_rv_126d        0.184545      0.227231       0.080730     0.082022 1.776699
               market_eem_rv_63d        0.261062      0.199800       0.165222     0.085208 1.758731
               market_vnq_rv_63d        0.243203      0.206877       0.209661     0.114411 1.734196
              market_vnq_rv_126d        0.247869      0.211755       0.202818     0.102281 1.696732
      market_eem_downside_rv_63d        0.155800      0.120677       0.095013     0.064077 1.654806
     market_qqq_downside_rv_126d        0.112109      0.139421       0.049675     0.056979 1.638969
     market_spy_downside_rv_126d        0.100530      0.110986       0.059759     0.060220 1.636450
     market_iwm_downside_rv_126d        0.131172      0.146036       0.065269     0.065925 1.630635
               market_iwm_rv_21d        0.206846      0.232529       0.118003     0.113031 1.590240
     market_gld_downside_rv_126d        0.112089      0.100723       0.038498     0.029676 1.516609
      market_vnq_downside_rv_63d        0.143606      0.128220       0.122564     0.085118 1.462129
          market_gld_return_252d        0.076394      0.176546       0.159964     0.192668 1.391520
              market_spy_rv_126d        0.164103      0.179486       0.094989     0.084604 1.340891
                market_vix_close       19.442732     21.071064       8.838435     7.343540 1.337042